14 branches:
IF
		( 1 0 0 -1 1 2 0 )    ===> VIDE
		( 1 0 0 1 -1 2 -1 )
		( 1 0 0 0 1 2 0 )
		( 1 0 0 0 -1 0 -1 )  ==> il <=-1
		( 1 0 0 1 1 4 -1 )   ===> tl+il=0
		( 1 0 0 -1 -1 0 0 )  ==^
		( 1 0 0 1 0 1 -1 )
		( 1 0 0 0 1 1 0 )
		( 1 0 0 -1 0 0 0 )  ==> tl<=0
		( 1 0 0 0 -1 0 -1 )

	THEN
		( 1 0 0 0 0 -1 )
		( 0 1 0 0 0 -1 )
		( 0 0 1 0 3 -1 )
		( 0 0 0 1 1 0 )

IF
		( 1 0 0 -1 1 4 0 )
		( 1 0 0 1 -1 0 -1 )
		( 1 0 0 0 1 1 0 )
		( 1 0 0 0 -1 1 -1 )
		( 1 0 0 1 1 0 -1 )
		( 1 0 0 -1 -1 4 0 )
		( 1 0 0 1 0 -2 -1 )  =>  2b+1 <= tl <= 3b
		( 1 0 0 0 1 1 0 )    =>   -b  <= il <= -1
		( 1 0 0 -1 0 3 0 )
		( 1 0 0 0 -1 0 -1 )

	THEN
		( 1 0 0 0 0 0 )
		( 0 1 0 0 0 0 )
		( 0 0 1 0 0 -1 )
		( 0 0 0 1 0 0 )

IF
		( 1 0 0 -1 1 4 0 )   ==> 1 <= tl+il
		( 1 0 0 1 -1 0 -1 )
		( 1 0 0 0 1 1 0 )
		( 1 0 0 0 -1 1 -1 )
		( 1 0 0 1 1 0 -1 )
		( 1 0 0 -1 -1 4 0 )
		( 1 0 0 1 0 0 -1 )  => 1<= tl <= b
		( 1 0 0 0 1 1 0 )   => -b <= il <= -1
		( 1 0 0 -1 0 1 0 )
		( 1 0 0 0 -1 0 -1 )

	THEN
		( 1 0 0 0 0 0 )
		( 0 1 0 0 0 0 )
		( 0 0 1 0 0 -1 )
		( 0 0 0 1 0 0 )

IF
		( 1 0 0 -1 1 2 0 )    ==> 1 <= tl = -il < b
		( 1 0 0 1 -1 2 -1 )
		( 1 0 0 0 1 2 0 )
		( 1 0 0 0 -1 0 -1 )
		( 1 0 0 1 1 4 -1 )
		( 1 0 0 -1 -1 0 0 )
		( 1 0 0 1 0 0 -1 )
		( 1 0 0 0 1 1 0 )
		( 1 0 0 -1 0 1 0 )
		( 1 0 0 0 -1 0 -1 )

	THEN
		( 1 0 0 0 0 -1 )
		( 0 1 0 0 0 -1 )
		( 0 0 1 0 3 -1 )
		( 0 0 0 1 1 0 )

IF
		( 1 0 0 -1 1 4 0 )
		( 1 0 0 1 -1 0 -1 )
		( 1 0 0 0 1 1 0 )
		( 1 0 0 0 -1 1 -1 )
		( 1 0 0 1 1 0 -1 )
		( 1 0 0 -1 -1 4 0 )
		( 1 0 0 1 0 -1 -1 )
		( 1 0 0 0 1 1 0 )
		( 1 0 0 -1 0 2 0 )
		( 1 0 0 0 -1 0 -1 )

	THEN
		( 1 0 0 0 0 0 )
		( 0 1 0 0 0 0 )
		( 0 0 1 0 0 -1 )
		( 0 0 0 1 0 0 )

IF
		( 1 0 0 -1 1 0 0 )			===> tl = il = 0
		( 1 0 0 1 -1 4 -1 )
		( 1 0 0 0 1 0 0 )
		( 1 0 0 0 -1 2 -1 )
		( 1 0 0 1 1 2 -1 )
		( 1 0 0 -1 -1 2 0 )
		( 1 0 0 1 0 1 -1 )
		( 1 0 0 0 1 0 0 )
		( 1 0 0 -1 0 0 0 )
		( 1 0 0 0 -1 1 -1 )

	THEN
		( 1 0 0 0 0 1 )
		( 0 1 0 0 0 0 )
		( 0 0 1 0 3 -1 )
		( 0 0 0 1 -1 0 )

IF
		( 1 0 0 -1 1 4 0 )
		( 1 0 0 1 -1 0 -1 )
		( 1 0 0 0 1 1 0 )
		( 1 0 0 0 -1 1 -1 )
		( 1 0 0 1 1 0 -1 )
		( 1 0 0 -1 -1 4 0 )
		( 1 0 0 1 0 -3 -1 )
		( 1 0 0 0 1 1 0 )
		( 1 0 0 -1 0 4 0 )
		( 1 0 0 0 -1 0 -1 )

	THEN
		( 1 0 0 0 0 0 )
		( 0 1 0 0 0 0 )
		( 0 0 1 0 0 -1 )
		( 0 0 0 1 0 0 )

IF
		( 1 0 0 -1 1 8 0 )
		( 1 0 0 1 -1 -4 -1 )   ====> VIDE !!!
		( 1 0 0 0 1 2 0 )
		( 1 0 0 0 -1 0 -1 )
		( 1 0 0 1 1 -2 -1 )
		( 1 0 0 -1 -1 6 0 )
		( 1 0 0 1 0 -3 -1 )
		( 1 0 0 0 1 1 0 )
		( 1 0 0 -1 0 4 0 )
		( 1 0 0 0 -1 0 -1 )

	THEN
		( 1 0 0 0 0 -1 )
		( 0 1 0 0 0 0 )
		( 0 0 1 0 -3 -1 )
		( 0 0 0 1 1 0 )

IF
		( 1 0 0 -1 1 4 0 )
		( 1 0 0 1 -1 0 -1 )
		( 1 0 0 0 1 1 0 )
		( 1 0 0 0 -1 1 -1 )
		( 1 0 0 1 1 0 -1 )
		( 1 0 0 -1 -1 4 0 )
		( 1 0 0 1 0 -2 -1 )
		( 1 0 0 0 1 0 0 )
		( 1 0 0 -1 0 3 0 )
		( 1 0 0 0 -1 1 -1 )

	THEN
		( 1 0 0 0 0 0 )
		( 0 1 0 0 0 0 )
		( 0 0 1 0 0 -1 )
		( 0 0 0 1 0 0 )

IF
		( 1 0 0 -1 1 0 0 )   ===> 1 <= tl = il < b
		( 1 0 0 1 -1 4 -1 )
		( 1 0 0 0 1 0 0 )
		( 1 0 0 0 -1 2 -1 )
		( 1 0 0 1 1 2 -1 )
		( 1 0 0 -1 -1 2 0 )
		( 1 0 0 1 0 0 -1 )
		( 1 0 0 0 1 0 0 )
		( 1 0 0 -1 0 1 0 )
		( 1 0 0 0 -1 1 -1 )

	THEN
		( 1 0 0 0 0 1 )
		( 0 1 0 0 0 0 )
		( 0 0 1 0 3 -1 )
		( 0 0 0 1 -1 0 )

IF
		( 1 0 0 -1 1 4 0 )
		( 1 0 0 1 -1 0 -1 )
		( 1 0 0 0 1 1 0 )
		( 1 0 0 0 -1 1 -1 )
		( 1 0 0 1 1 0 -1 )
		( 1 0 0 -1 -1 4 0 )
		( 1 0 0 1 0 0 -1 )
		( 1 0 0 0 1 0 0 )
		( 1 0 0 -1 0 1 0 )
		( 1 0 0 0 -1 1 -1 )

	THEN
		( 1 0 0 0 0 0 )
		( 0 1 0 0 0 0 )
		( 0 0 1 0 0 -1 )
		( 0 0 0 1 0 0 )

IF
		( 1 0 0 -1 1 4 0 )
		( 1 0 0 1 -1 0 -1 )
		( 1 0 0 0 1 1 0 )
		( 1 0 0 0 -1 1 -1 )
		( 1 0 0 1 1 0 -1 )
		( 1 0 0 -1 -1 4 0 )
		( 1 0 0 1 0 -1 -1 )
		( 1 0 0 0 1 0 0 )
		( 1 0 0 -1 0 2 0 )
		( 1 0 0 0 -1 1 -1 )

	THEN
		( 1 0 0 0 0 0 )
		( 0 1 0 0 0 0 )
		( 0 0 1 0 0 -1 )
		( 0 0 0 1 0 0 )

IF
		( 1 0 0 -1 1 6 0 )
		( 1 0 0 1 -1 -2 -1 )
		( 1 0 0 0 1 0 0 )
		( 1 0 0 0 -1 2 -1 )
		( 1 0 0 1 1 -4 -1 )   ====> VIDE !!!
		( 1 0 0 -1 -1 8 0 )
		( 1 0 0 1 0 -3 -1 )
		( 1 0 0 0 1 0 0 )
		( 1 0 0 -1 0 4 0 )
		( 1 0 0 0 -1 1 -1 )

	THEN
		( 1 0 0 0 0 1 )
		( 0 1 0 0 0 1 )
		( 0 0 1 0 -3 -1 )
		( 0 0 0 1 -1 0 )

IF
		( 1 0 0 -1 1 4 0 )
		( 1 0 0 1 -1 0 -1 )
		( 1 0 0 0 1 1 0 )
		( 1 0 0 0 -1 1 -1 )
		( 1 0 0 1 1 0 -1 )
		( 1 0 0 -1 -1 4 0 )
		( 1 0 0 1 0 -3 -1 )
		( 1 0 0 0 1 0 0 )
		( 1 0 0 -1 0 4 0 )
		( 1 0 0 0 -1 1 -1 )

	THEN
		( 1 0 0 0 0 0 )
		( 0 1 0 0 0 0 )
		( 0 0 1 0 0 -1 )
		( 0 0 0 1 0 0 )

